$ 1 0.000005 10.20027730826997 50 5 50 5e-11
g 720 176 720 224 0 0
R 464 176 384 176 0 0 40 5 0 0 0.5
r 464 176 560 176 0 10000
370 656 176 720 176 1 0 0
374 560 176 656 176 0 0.901 Light\sBrightness
p 560 192 560 256 3 0 0
370 624 256 624 288 1 0 0
g 624 288 624 304 0 0
r 560 256 624 256 0 5100
374 928 176 1024 176 0 0.901 Light\sBrightness
370 1024 176 1088 176 1 0 0
r 832 176 928 176 0 2000
R 832 176 752 176 0 0 40 3 0 0 0.5
g 1088 176 1088 224 0 0
w 560 176 560 192 0
r 928 256 992 256 0 5100
g 992 288 992 304 0 0
370 992 256 992 288 1 0 0
p 928 192 928 256 3 0 0
w 928 176 928 192 0
x 377 131 499 134 4 24 LDR10k\s5V
x 748 133 870 136 4 24 LDR10k\s3V
x 374 204 456 207 4 24 VCC\s5v
x 749 205 831 208 4 24 VCC\s3v
x 1059 262 1129 265 4 24 GRND
x 691 256 761 259 4 24 GRND
x 535 343 732 346 4 24 GPIO\sANALOG\sIN
x 903 342 1100 345 4 24 GPIO\sANALOG\sIN
