$ 1 0.000005 10.20027730826997 50 5 50 5e-11
162 656 112 736 112 2 default-led 1 1 1 0.01
162 800 112 880 112 2 default-led 1 1 1 0.01
162 864 224 944 224 2 default-led 1 1 0 0.01
162 592 224 672 224 2 default-led 1 1 0 0.01
162 656 432 736 432 2 default-led 1 0 0 0.01
162 800 432 880 432 2 default-led 1 0 0 0.01
162 736 336 816 336 2 default-led 1 0 0 0.01
r 672 144 720 144 0 50
r 816 144 864 144 0 50
r 608 256 656 256 0 100
r 880 256 928 256 0 100
r 752 368 800 368 0 80
r 816 464 864 464 0 100
r 672 464 720 464 0 100
s 480 96 544 96 0 0 false
s 480 144 544 144 0 1 false
s 480 176 544 176 0 1 false
s 480 320 544 320 0 1 false
s 480 432 544 432 0 0 false
w 480 96 448 96 0
w 432 96 448 96 0
w 480 144 432 144 0
w 480 176 432 176 0
w 432 320 480 320 0
w 432 432 480 432 0
w 544 96 656 96 0
w 656 96 656 112 0
w 656 96 800 96 0
w 800 96 800 112 0
w 736 144 720 144 0
w 880 144 864 144 0
w 544 176 592 176 0
w 592 176 592 224 0
w 672 256 656 256 0
w 544 144 608 144 0
w 608 144 608 176 0
w 608 176 864 176 0
w 864 176 864 224 0
w 944 256 928 256 0
w 544 320 736 320 0
w 736 320 736 336 0
w 800 368 816 368 0
w 544 432 656 432 0
w 656 432 656 400 0
w 656 400 800 400 0
w 800 400 800 432 0
w 736 464 720 464 0
w 864 464 880 464 0
w 672 144 672 160 0
w 672 160 816 160 0
w 816 144 816 160 0
w 816 160 928 160 0
w 928 160 992 160 0
w 608 256 608 288 0
w 608 288 880 288 0
w 880 256 880 288 0
w 880 288 992 288 0
w 752 368 752 384 0
w 752 384 992 384 0
w 672 464 672 480 0
w 672 480 816 480 0
w 816 464 816 480 0
w 816 480 992 480 0
w 992 160 992 288 0
w 992 288 992 384 0
w 992 384 992 480 0
370 992 512 992 560 1 0 0
w 992 480 992 512 0
g 992 560 992 576 0 0
370 736 432 768 432 1 0 0
370 880 432 912 432 1 0 0
w 768 432 768 464 0
w 768 464 736 464 0
w 912 432 912 464 0
w 912 464 880 464 0
370 816 336 848 336 1 0 0
w 848 336 848 368 0
w 816 368 848 368 0
370 944 224 976 224 1 0 0
370 672 224 704 224 1 0 0
w 704 224 704 256 0
w 704 256 672 256 0
w 976 224 976 256 0
w 976 256 944 256 0
370 736 112 768 112 1 0 0
370 880 112 912 112 1 0 0
w 768 112 768 144 0
w 736 144 768 144 0
w 912 112 912 144 0
w 912 144 880 144 0
162 1184 80 1248 80 2 default-led 1 0 0 0.01
162 1184 112 1248 112 2 default-led 1 0 0 0.01
162 1184 144 1248 144 2 default-led 1 0 0 0.01
162 1184 176 1248 176 2 default-led 1 0 0 0.01
162 1184 208 1248 208 2 default-led 1 0 0 0.01
162 1184 240 1248 240 2 default-led 1 0 0 0.01
r 1248 80 1296 80 0 100
r 1248 112 1296 112 0 100
r 1248 144 1296 144 0 100
r 1248 176 1296 176 0 100
r 1248 208 1296 208 0 100
r 1248 240 1296 240 0 100
370 1296 80 1344 80 1 0 0
370 1296 112 1344 112 1 0 0
370 1296 144 1344 144 1 0 0
370 1296 176 1344 176 1 0 0
370 1296 208 1344 208 1 0 0
370 1296 240 1344 240 1 0 0
w 1184 240 1184 208 0
w 1184 208 1184 176 0
w 1184 176 1184 144 0
w 1184 144 1184 112 0
w 1184 112 1184 80 0
w 1344 80 1344 112 0
w 1344 112 1344 144 0
w 1344 144 1344 176 0
w 1344 176 1344 208 0
w 1344 208 1344 240 0
s 1072 80 1152 80 0 0 false
w 1152 80 1184 80 0
g 1344 384 1344 416 0 0
370 1344 336 1344 384 1 0 0
w 1344 304 1344 336 0
w 1344 272 1344 304 0
w 1344 240 1344 272 0
w 1184 272 1184 240 0
w 1184 304 1184 272 0
370 1296 304 1344 304 1 0 0
370 1296 272 1344 272 1 0 0
r 1248 304 1296 304 0 100
r 1248 272 1296 272 0 100
162 1184 304 1248 304 2 default-led 1 0 0 0.01
162 1184 272 1248 272 2 default-led 1 0 0 0.01
w 992 48 992 80 0
R 992 48 944 48 0 0 40 3 0 0 0.5
w 992 80 1072 80 0
R 432 96 384 96 0 0 40 3 0 0 0.5
R 432 144 384 144 0 0 40 3 0 0 0.5
R 432 176 384 176 0 0 40 3 0 0 0.5
R 432 320 384 320 0 0 40 3 0 0 0.5
R 432 432 384 432 0 0 40 3 0 0 0.5
x 132 103 358 106 4 24 GPIO\sFRONT\sLIGHT
x 133 148 275 151 4 24 GPIO\sR\sBlink
x 133 185 271 188 4 24 GPIO\sL\sBlink
x 135 327 360 330 4 24 GPIO\sBREAK\sLIGHT
x 129 438 339 441 4 24 GPIO\sREAR\sLIGHT
x 887 583 971 586 4 24 GRND\sI
x 1238 427 1328 430 4 24 GRND\sII
x 1016 40 1266 43 4 24 GPIO\sGROUND\sLIGHT
