$ 1 0.000015625 6.450009306485578 50 5 50 5e-11
162 912 240 912 288 2 default-led 0.2 0 0 0.01
162 992 240 992 288 2 default-led 1 0 0 0.01
162 1152 240 1152 288 2 default-led 1 1 0 0.01
162 1232 240 1232 288 2 default-led 0 1 0 0.01
162 1392 240 1392 288 2 default-led 0 1 1 0.01
162 1472 240 1472 288 2 default-led 1 0 1 0.01
162 1552 240 1552 288 2 default-led 0.2 0 0.2 0.01
162 1072 240 1072 288 2 default-led 1 0.7 0 0.01
r 912 224 912 160 0 150
r 992 224 992 160 0 150
r 1072 224 1072 160 0 140
r 1152 224 1152 160 0 140
r 1552 224 1552 160 0 80
r 1472 224 1472 160 0 80
r 1392 224 1392 160 0 90
r 1232 224 1232 160 0 68
f 864 320 912 320 32 1.5 0.02
f 944 320 992 320 32 1.5 0.02
f 1104 320 1152 320 32 1.5 0.02
f 1024 320 1072 320 32 1.5 0.02
f 1344 320 1392 320 32 1.5 0.02
f 1184 320 1232 320 32 1.5 0.02
f 1504 320 1552 320 32 1.5 0.02
f 1424 320 1472 320 32 1.5 0.02
w 912 304 912 288 0
w 992 304 992 288 0
w 1072 304 1072 288 0
w 1152 304 1152 288 0
w 1232 304 1232 288 0
w 1392 304 1392 288 0
w 1472 304 1472 288 0
w 1552 304 1552 288 0
w 912 336 912 352 0
w 912 352 992 352 0
w 992 336 992 352 0
w 992 352 1072 352 0
w 1072 336 1072 352 0
w 1072 352 1152 352 0
w 1152 336 1152 352 0
w 1152 352 1232 352 0
w 1232 336 1232 352 0
w 1392 336 1392 352 0
w 1472 336 1472 352 0
w 1552 336 1552 352 0
v 736 160 800 160 0 0 40 5 0 0 0.5
w 880 160 912 160 0
w 992 160 1072 160 0
w 1072 160 1152 160 0
w 1152 160 1232 160 0
w 1312 160 1392 160 0
w 1392 160 1472 160 0
w 1472 160 1552 160 0
w 736 160 736 128 0
s 688 256 752 256 0 1 false
s 688 288 752 288 0 1 false
s 688 320 752 320 0 1 false
s 688 352 752 352 0 1 false
s 528 352 592 352 0 1 false
s 528 320 592 320 0 1 false
s 528 288 592 288 0 1 false
s 528 256 592 256 0 1 false
R 640 256 640 208 0 0 40 3.3 0 0 0.5
w 592 256 640 256 0
w 640 256 688 256 0
w 640 256 640 288 0
w 640 288 688 288 0
w 640 288 592 288 0
w 640 288 640 320 0
w 640 320 688 320 0
w 640 320 592 320 0
w 640 320 640 352 0
w 640 352 688 352 0
w 640 352 592 352 0
w 1184 320 1184 368 0
w 1184 368 848 368 0
w 752 320 768 320 0
w 752 288 784 288 0
w 752 256 800 256 0
w 848 368 848 256 0
w 848 256 800 256 0
w 784 288 832 288 0
w 832 288 832 384 0
w 832 384 1264 384 0
w 768 320 816 320 0
w 816 320 816 400 0
w 816 400 1344 400 0
w 752 352 800 352 0
w 800 352 800 416 0
w 800 416 1424 416 0
w 864 320 864 432 0
w 944 320 944 448 0
w 1104 320 1104 480 0
w 528 288 512 288 0
w 528 320 496 320 0
w 528 352 480 352 0
w 528 256 528 432 0
w 528 432 864 432 0
w 512 288 512 448 0
w 512 448 944 448 0
w 496 320 496 464 0
w 496 464 1024 464 0
w 480 352 480 480 0
w 480 480 1104 480 0
w 736 128 800 128 0
w 880 128 1504 128 0
w 1024 320 1024 448 0
w 1024 448 1024 464 0
w 912 160 928 160 0
w 976 160 992 160 0
w 928 160 976 160 0
r 1312 160 1312 224 0 90
162 1312 240 1312 288 2 default-led 0 0 1 0.01
f 1264 320 1312 320 32 1.5 0.02
w 1312 288 1312 304 0
w 1232 352 1312 352 0
w 1312 336 1312 352 0
w 1312 352 1392 352 0
w 1392 352 1472 352 0
w 1472 352 1552 352 0
w 1600 128 1504 128 0
w 1232 160 1312 160 0
w 1264 320 1264 384 0
w 1344 320 1344 400 0
w 1424 320 1424 416 0
s 688 384 752 384 0 1 false
w 640 352 640 384 0
w 640 384 688 384 0
w 1504 320 1504 496 0
w 752 384 784 384 0
w 784 384 784 496 0
w 784 496 1504 496 0
370 912 224 912 240 1 0 0
370 992 224 992 240 1 0 0
370 1072 224 1072 240 1 0 0
370 1152 224 1152 240 1 0 0
370 1232 224 1232 240 1 0 0
370 1312 224 1312 240 1 0 0
370 1392 224 1392 240 1 0 0
370 1472 224 1472 240 1 0 0
370 1552 224 1552 240 1 0 0
w 800 128 880 128 0
370 1632 192 1632 128 1 0 2
w 1600 128 1632 128 0
403 368 -304 2112 96 0 141_64_0_x129209_0.0001_0.00006060124492100637_-1_2_141_3
403 352 -1072 2112 -304 0 0_64_0_x101400_2.5_0.025_-1_18_0_3_1_0_1_3_7_0_7_3_2_0_2_3_3_0_3_3_111_0_111_3_4_0_4_3_5_0_5_3_6_0_6_3
x -578 -827 -393 -824 4 24 IR\s700\s-\s1000\snm
x -576 -718 -378 -715 4 24 RED\s620\s-\s750\snm
x -572 -606 -339 -603 4 24 AMBER\s590\s-\s620\snm
x -574 -491 -326 -488 4 24 YELLOW\s570\s-\s590\snm
x -572 -380 -339 -377 4 24 GREEN\s495\s-\s570\snm
x -568 -264 -356 -261 4 24 CYAN\s485\s-\s495\snm
x -566 -150 -356 -147 4 24 BLUE\s450\s-\s485\snm
x -563 -42 -319 -39 4 24 PURPLE\s400\s-\s450\snm
x -561 56 -380 59 4 24 UV\s250\s-\s400\snm
w 800 160 880 160 0
z 1552 352 1632 352 2 default-zener
403 -560 160 320 720 0 0_2_7_x101203_2.9843034073346004_0.0001_-1_17_0.0001_1_0_1_3_7_0_7_3_2_0_2_3_3_0_3_3_111_0_111_3_4_0_4_3_5_0_5_3_6_0_6_3
w 1632 192 1632 240 0
w 1632 240 1632 256 0
w 1632 304 1632 352 0
w 1632 256 1632 304 0
415 1824 320 1824 256 0 0.1 1 12000 1 0.2 1.5 721 0
s 688 416 752 416 0 1 false
w 640 384 640 416 0
w 640 416 688 416 0
w 752 416 752 512 0
w 752 512 1712 512 0
f 1712 320 1760 320 32 1.5 0.02
w 1712 320 1712 512 0
w 1760 336 1760 352 0
v 1824 224 1824 176 0 0 40 5 0 0 0.5
w 1760 128 1760 144 0
w 1824 128 1824 176 0
g 736 160 736 192 0 0
403 1856 128 2176 352 0 161_64_0_x101403_10_0.00009765625_-1_2_161_3
w 1824 224 1824 256 0
w 1824 320 1824 352 0
w 1760 304 1760 240 0
z 1760 352 1824 352 2 default-zener
r 1760 160 1760 224 0 5000
w 1760 160 1760 144 0
w 1760 224 1760 240 0
370 1824 128 1760 128 1 0 2
