$ 1 0.000005 10.20027730826997 50 5 50 5e-11
162 912 240 912 288 2 default-led 0.2 0 0 0.01
162 992 240 992 288 2 default-led 1 0 0 0.01
162 1152 240 1152 288 2 default-led 1 1 0 0.01
162 1232 240 1232 288 2 default-led 0 1 0 0.01
162 1312 240 1312 288 2 default-led 0 0 1 0.01
162 1392 240 1392 288 2 default-led 1 0 1 0.01
162 1472 240 1472 288 2 default-led 0.2 0 0.2 0.01
162 1072 240 1072 288 2 default-led 1 0.7 0 0.01
r 912 224 912 160 0 170
r 992 224 992 160 0 150
r 1072 224 1072 160 0 140
r 1152 224 1152 160 0 140
r 1472 224 1472 160 0 80
r 1392 224 1392 160 0 90
r 1312 224 1312 160 0 90
r 1232 224 1232 160 0 90
w 912 224 912 240 0
w 992 240 992 224 0
w 1072 240 1072 224 0
w 1152 240 1152 224 0
w 1232 240 1232 224 0
w 1312 240 1312 224 0
w 1392 240 1392 224 0
w 1472 240 1472 224 0
f 864 320 912 320 32 1.5 0.02
f 944 320 992 320 32 1.5 0.02
f 1104 320 1152 320 32 1.5 0.02
f 1024 320 1072 320 32 1.5 0.02
f 1264 320 1312 320 32 1.5 0.02
f 1184 320 1232 320 32 1.5 0.02
f 1424 320 1472 320 32 1.5 0.02
f 1344 320 1392 320 32 1.5 0.02
w 912 304 912 288 0
w 992 304 992 288 0
w 1072 304 1072 288 0
w 1152 304 1152 288 0
w 1232 304 1232 288 0
w 1312 304 1312 288 0
w 1392 304 1392 288 0
w 1472 304 1472 288 0
w 912 336 912 352 0
w 912 352 992 352 0
w 992 336 992 352 0
w 992 352 1072 352 0
w 1072 336 1072 352 0
w 1072 352 1152 352 0
w 1152 336 1152 352 0
w 1152 352 1232 352 0
w 1232 336 1232 352 0
w 1232 352 1312 352 0
w 1312 336 1312 352 0
w 1312 352 1392 352 0
w 1392 336 1392 352 0
w 1392 352 1472 352 0
w 1472 336 1472 352 0
v 816 160 880 160 0 0 40 5 0 0 0.5
w 880 160 912 160 0
w 912 160 992 160 0
w 992 160 1072 160 0
w 1072 160 1152 160 0
w 1152 160 1232 160 0
w 1232 160 1312 160 0
w 1312 160 1392 160 0
w 1392 160 1472 160 0
w 816 160 816 128 0
w 1504 128 1504 352 0
w 1504 352 1472 352 0
s 688 256 752 256 0 1 false
s 688 288 752 288 0 1 false
s 688 320 752 320 0 1 false
s 688 352 752 352 0 1 false
s 528 352 592 352 0 1 false
s 528 320 592 320 0 1 false
s 528 288 592 288 0 1 false
s 528 256 592 256 0 1 false
R 640 256 640 208 0 0 40 3.3 0 0 0.5
w 592 256 640 256 0
w 640 256 688 256 0
w 640 256 640 288 0
w 640 288 688 288 0
w 640 288 592 288 0
w 640 288 640 320 0
w 640 320 688 320 0
w 640 320 592 320 0
w 640 320 640 352 0
w 640 352 688 352 0
w 640 352 592 352 0
w 1424 320 1424 416 0
w 1184 320 1184 368 0
w 1264 320 1264 384 0
w 1344 320 1344 400 0
w 1184 368 848 368 0
w 752 320 768 320 0
w 752 288 784 288 0
w 752 256 800 256 0
w 848 368 848 256 0
w 848 256 800 256 0
w 784 288 832 288 0
w 832 288 832 384 0
w 832 384 1264 384 0
w 768 320 816 320 0
w 816 320 816 400 0
w 816 400 1344 400 0
w 752 352 800 352 0
w 800 352 800 416 0
w 800 416 1424 416 0
w 864 320 864 432 0
w 944 320 944 448 0
w 1104 320 1104 480 0
w 528 288 512 288 0
w 528 320 496 320 0
w 528 352 480 352 0
w 528 256 528 432 0
w 528 432 864 432 0
w 512 288 512 448 0
w 512 448 944 448 0
w 496 320 496 464 0
w 496 464 1024 464 0
w 480 352 480 480 0
w 480 480 1104 480 0
g 816 160 816 192 0 0
w 816 128 880 128 0
w 880 128 1504 128 0
w 1024 320 1024 448 0
w 1024 448 1024 464 0
403 176 -240 304 -176 0 0_64_0_4099_1.25_0.00009765625_-1_2_0_3
403 352 -240 480 -176 0 1_64_0_4099_1.25_0.00009765625_-1_2_1_3
403 528 -240 656 -176 0 7_64_0_4099_1.25_0.00009765625_-1_2_7_3
403 704 -240 832 -176 0 2_64_0_4099_1.25_0.00009765625_-1_2_2_3
403 880 -240 1008 -176 0 3_64_0_4099_1.25_0.00009765625_-1_2_3_3
403 1056 -240 1184 -176 0 4_64_0_4099_1.25_0.00009765625_-1_2_4_3
403 1232 -240 1360 -176 0 5_64_0_4099_1.25_0.00009765625_-1_2_5_3
403 1408 -240 1536 -176 0 6_64_0_4099_1.25_0.00009765625_-1_2_6_3
x 170 -152 194 -149 4 24 IR
x 354 -153 404 -150 4 24 RED
x 529 -151 614 -148 4 24 AMBER
x 702 -153 802 -150 4 24 YELLOW
x 883 -152 968 -149 4 24 GREEN
x 1058 -152 1122 -149 4 24 CYAN
x 1236 -148 1298 -145 4 24 BLUE
x 1406 -146 1439 -143 4 24 UV
o 0 2 0 4099 2.5 0.00009765625 0 16 0 3 1 0 1 3 7 0 7 3 2 0 2 3 3 0 3 3 4 0 4 3 5 0 5 3 6 0 6 3
